nx = 41
ny = 10
x= -2 -1.9 -1.8 -1.7 -1.6 -1.5 -1.4 -1.3 -1.2 -1.1 -1 -0.9 -0.8 -0.7 -0.6 -0.5 -0.4 -0.3 -0.2 -0.1 0 0.1 0.2 0.3 0.4 0.5 0.6 0.7 0.8 0.9 1 1.1 1.2 1.3 1.4 1.5 1.6 1.7 1.8 1.9 2
y[-2] =55.5561 19.2686 26.2929 19.9065 27.5261 47.341 -33.0894 13.72 35.3236 21.9196 
y[-1.9] =-19.8308 -1.88102 45.4618 17.9815 63.1104 -3.85713 -8.04952 17.9153 28.5558 20.1347 
y[-1.8] =-7.85028 -53.2914 -7.63365 38.7993 -42.0105 -11.777 18.7123 -13.5689 -73.6905 27.1165 
y[-1.7] =-37.8004 11.5969 -42.6847 -4.94413 14.9078 1.84822 15.5582 -34.8197 14.8925 28.3828 
y[-1.6] =55.683 -1.53277 -5.21008 15.5406 19.1883 39.1093 34.2531 -19.5659 5.47818 -21.7328 
y[-1.5] =8.78579 31.691 18.1855 -10.7062 35.3726 -7.91345 2.27799 -34.0994 67.0968 2.30931 
y[-1.4] =-13.9104 20.3763 -4.06166 32.1249 43.239 42.8988 5.91265 4.70017 25.4134 45.2858 
y[-1.3] =-24.7075 -3.90157 5.97991 71.7425 66.1443 21.0057 -2.06615 -1.17994 -28.3195 8.9738 
y[-1.2] =-25.8609 -4.80842 32.5214 -51.5519 -24.1509 19.0216 -11.8742 38.0467 3.13693 -12.1835 
y[-1.1] =32.4577 -29.0356 -23.7985 -18.9447 -1.8038 33.7451 23.9998 44.8503 13.9773 17.503 
y[-1] =-14.5867 -27.8762 -17.2865 -36.051 -51.9107 4.92459 -34.2702 -30.8905 9.89457 6.00533 
y[-0.9] =17.1061 -12.0743 -14.5572 -21.6452 19.1637 -24.8965 12.8205 17.0799 44.1682 3.07291 
y[-0.8] =-49.7569 21.5107 -40.0989 -36.6974 -72.1967 -13.2032 -16.0486 -75.357 28.2358 -40.0748 
y[-0.7] =2.11157 -44.0594 -34.6221 -7.84323 -16.1633 -37.1637 -34.6474 -78.6803 -14.6641 -39.9849 
y[-0.6] =-5.0658 17.8069 -34.9983 -83.3564 -78.1036 -56.0472 -55.3746 -25.764 -98.8908 8.56759 
y[-0.5] =-16.9153 -53.7687 -34.9469 -73.3201 -69.2994 -72.8752 -57.2416 -14.4457 10.8975 -49.8361 
y[-0.4] =7.90437 -20.6477 -60.1209 -62.9717 -81.8908 -31.0109 -7.10737 -63.8919 -76.0016 0.589628 
y[-0.3] =-56.2013 -47.9037 -47.0831 -84.8878 -19.1627 -27.6572 -15.9823 -60.4558 -55.9325 -21.7978 
y[-0.2] =-0.803708 -57.5786 -7.97322 -26.1241 -11.6874 -1.33681 -17.0417 -15.741 0.241642 -39.2894 
y[-0.1] =-16.9677 -22.5431 -60.6463 -22.0293 -27.4863 -45.0305 62.4567 -50.7942 -2.85731 21.4469 
y[0] =-0.874843 -6.41432 -7.92234 27.7361 15.5396 -20.8811 36.6115 -9.79278 -15.4399 8.31446 
y[0.1] =-17.9939 4.36882 36.5608 17.5444 37.9238 50.7836 40.2244 55.0855 48.1354 59.9598 
y[0.2] =25.3264 45.1131 45.9897 14.9565 55.5708 69.4646 95.3541 44.1683 51.2475 50.2461 
y[0.3] =27.9426 -0.297978 66.4292 75.5224 33.8217 48.5458 42.9369 52.5374 83.8296 52.0475 
y[0.4] =121.965 67.6767 54.658 81.4279 84.7257 118.077 129.066 86.7413 54.8034 22.5489 
y[0.5] =83.7792 118.952 85.1974 65.7751 22.4482 91.7766 62.3421 136.241 90.5583 84.6531 
y[0.6] =116.177 90.2455 121.251 58.0044 129.087 102.571 69.4904 165.986 106.91 100.596 
y[0.7] =62.473 93.4742 69.6246 91.9678 97.492 145.286 83.2676 77.3897 55.8068 88.2761 
y[0.8] =108.644 113.478 60.8322 48.5878 70.6321 80.257 65.3139 75.1203 62.5025 84.4399 
y[0.9] =97.099 64 82.2634 16.2106 70.9757 73.2072 44.8847 54.5947 71.8078 44.2113 
y[1] =3.4396 49.321 55.9221 -12.8525 11.1579 -2.22197 -32.0647 13.2678 30.8 17.8447 
y[1.1] =-7.74129 -83.4796 -43.5708 -11.9447 -36.5718 15.893 10.88 -21.8318 -18.9409 -62.3596 
y[1.2] =-92.497 -86.3932 -69.5324 -41.7909 -62.9659 -84.0075 -82.4729 -119.186 -50.1021 -66.0127 
y[1.3] =-174.071 -106.526 -110.5 -93.2711 -109.403 -158.283 -96.6519 -100.401 -103.136 -98.9743 
y[1.4] =-125.289 -153.736 -151.807 -121.92 -121.227 -132.112 -155.215 -148.549 -168.703 -124.199 
y[1.5] =-165.643 -145.405 -178.521 -180.356 -190.445 -195.095 -142.835 -182.941 -140.122 -189.803 
y[1.6] =-152.96 -195.692 -172.943 -208.769 -217.989 -180.164 -225.862 -160.745 -191.657 -169.699 
y[1.7] =-181.528 -189.256 -155.48 -156.448 -180.796 -129.252 -187.279 -147.036 -147.122 -163.494 
y[1.8] =-183.145 -197.732 -121.258 -153.749 -149.278 -159.839 -190.212 -169.408 -192.704 -169.885 
y[1.9] =-99.4935 -136.136 -143.633 -103.095 -101.439 -78.8729 -66.8386 -98.7416 -127.378 -133.647 
y[2] =-55.3619 -25.8188 -103.441 -59.2556 -109.945 -34.4751 -87.9867 -66.6048 -51.038 -24.1991 
